0 0.478283 0.216572 0.005465 0.008853
0 0.432159 0.227884 0.005465 0.009181
0 0.448663 0.247721 0.005683 0.008853
0 0.469320 0.242639 0.005465 0.009837
0 0.519816 0.271001 0.005465 0.008853
0 0.536429 0.293954 0.005902 0.010165
0 0.485606 0.281166 0.006121 0.008197
0 0.461670 0.276084 0.005902 0.009181
0 0.440575 0.287888 0.005246 0.008525
0 0.428553 0.263788 0.005683 0.007541
0 0.413251 0.247065 0.005683 0.008853
0 0.555993 0.291822 0.005683 0.008525
0 0.524406 0.331169 0.005465 0.008525
0 0.507137 0.341990 0.005902 0.008525
0 0.508886 0.299856 0.005902 0.008197
0 0.470741 0.307889 0.005683 0.008525
0 0.493694 0.313955 0.006121 0.009509
0 0.548561 0.325431 0.006121 0.008853
0 0.572824 0.355597 0.005683 0.008197
0 0.449319 0.313627 0.005683 0.008853
0 0.422323 0.304446 0.005028 0.008853
0 0.407240 0.286740 0.005028 0.008197
0 0.431285 0.334120 0.005465 0.008525
0 0.390517 0.310020 0.005683 0.008853
0 0.406912 0.331169 0.005683 0.008525
0 0.414126 0.359204 0.005683 0.009509
0 0.436422 0.367401 0.005683 0.010165
0 0.468883 0.371992 0.006339 0.008853
0 0.455768 0.344777 0.005465 0.008853
0 0.488666 0.367565 0.006558 0.009181
0 0.530527 0.361335 0.006339 0.009181
0 0.552058 0.356417 0.005246 0.009837
0 0.555993 0.390190 0.005683 0.009837
0 0.574027 0.386255 0.005902 0.008525
0 0.555228 0.430192 0.005902 0.009181
0 0.574464 0.452981 0.005902 0.010165
0 0.555774 0.464621 0.005683 0.009181
0 0.534024 0.432159 0.005902 0.009181
0 0.511837 0.415601 0.006121 0.008853
0 0.518504 0.449046 0.005902 0.009509
0 0.532494 0.468719 0.005902 0.008853
0 0.494349 0.432487 0.006121 0.008525
0 0.470304 0.405764 0.006558 0.008853
0 0.419262 0.397239 0.006339 0.008853
0 0.398933 0.388222 0.006339 0.008525
0 0.386692 0.361171 0.005902 0.008197
0 0.375216 0.338219 0.005683 0.008853
0 0.362647 0.364286 0.005902 0.009181
0 0.365926 0.417568 0.005465 0.009509
0 0.378932 0.444783 0.006121 0.010165
0 0.399698 0.458719 0.006121 0.009181
0 0.421558 0.460194 0.006121 0.009509
0 0.441340 0.483146 0.005902 0.009509
0 0.467353 0.487081 0.006339 0.009509
0 0.508011 0.480031 0.006776 0.008525
0 0.552823 0.500361 0.005902 0.009181
0 0.527357 0.506099 0.005683 0.010165
0 0.506918 0.514296 0.006776 0.008853
0 0.521564 0.536757 0.005902 0.010492
0 0.544079 0.530691 0.005902 0.008853
0 0.558834 0.557086 0.005683 0.009181
0 0.478939 0.537248 0.005465 0.009509
0 0.457954 0.527740 0.005902 0.008853
0 0.369751 0.481835 0.006121 0.008853
0 0.366472 0.511345 0.006558 0.008853
0 0.405600 0.540691 0.006121 0.009181
0 0.435329 0.512329 0.005683 0.009509
0 0.379588 0.560037 0.005683 0.009181
0 0.513695 0.572824 0.005465 0.009181
0 0.493475 0.580366 0.006121 0.008525
0 0.530854 0.598236 0.006558 0.008197
0 0.544626 0.623975 0.006121 0.008525
0 0.507574 0.608237 0.005902 0.009181
0 0.532713 0.656600 0.005902 0.009509
0 0.511509 0.663158 0.006339 0.008853
0 0.495661 0.642009 0.006121 0.009181
0 0.523969 0.686602 0.005902 0.008525
0 0.499158 0.692340 0.005683 0.008197
0 0.511072 0.717424 0.006339 0.008525
0 0.482982 0.720703 0.006121 0.008525
0 0.448554 0.718900 0.005902 0.010165
0 0.463965 0.695128 0.006558 0.007869
0 0.469976 0.640206 0.005902 0.008853
0 0.436969 0.597744 0.005902 0.009181
0 0.422979 0.572988 0.006339 0.009509
0 0.378167 0.591842 0.006339 0.009181
0 0.374779 0.630697 0.006558 0.009509
0 0.421448 0.632009 0.005902 0.009509
0 0.434018 0.658568 0.005683 0.008853
0 0.456095 0.670044 0.005683 0.008853
0 0.438280 0.691193 0.006339 0.009837
0 0.417842 0.680536 0.006121 0.009509
0 0.419700 0.710374 0.006339 0.009509
0 0.400245 0.726277 0.006339 0.009837
0 0.394561 0.694144 0.005465 0.009181
0 0.380134 0.665290 0.005465 0.009837
0 0.362428 0.683979 0.006339 0.009181
0 0.378604 0.713162 0.006339 0.009181
0 0.475878 0.771526 0.005902 0.010492
0 0.458937 0.790544 0.005683 0.009837
0 0.462872 0.747754 0.005683 0.010165
0 0.445603 0.767591 0.006121 0.009837
0 0.437406 0.806610 0.005902 0.009837
0 0.415000 0.814644 0.005683 0.008853
0 0.423853 0.782346 0.005902 0.009837
0 0.398387 0.781691 0.005683 0.009181
0 0.406038 0.751033 0.006121 0.009509
0 0.382211 0.750377 0.006121 0.010165
0 0.376090 0.780707 0.006995 0.009181
0 0.369205 0.805954 0.005465 0.009837
0 0.347454 0.788412 0.006121 0.009509
0 0.351061 0.759558 0.006776 0.008853
0 0.358712 0.730540 0.005902 0.009837
0 0.326688 0.765460 0.006558 0.008197
0 0.337181 0.735786 0.006121 0.009837
0 0.316633 0.739229 0.006121 0.009509
0 0.346252 0.701521 0.006339 0.009509
0 0.325267 0.699718 0.006339 0.009181
0 0.337508 0.665126 0.006776 0.008197
0 0.358603 0.651190 0.006558 0.007869
0 0.317835 0.670864 0.005902 0.009181
0 0.300020 0.672503 0.005683 0.009181
0 0.317616 0.635452 0.006339 0.008525
0 0.334776 0.627418 0.006558 0.008853
0 0.355542 0.611843 0.006121 0.009837
0 0.355870 0.577415 0.006339 0.009181
0 0.358384 0.548725 0.005246 0.008853
0 0.337181 0.553151 0.006121 0.009181
0 0.318491 0.559545 0.005902 0.008853
0 0.314010 0.597744 0.006121 0.009181
0 0.321333 0.528887 0.005902 0.009181
0 0.340022 0.519214 0.005683 0.009509
0 0.348657 0.489376 0.005465 0.008197
0 0.325049 0.491508 0.006339 0.009837
0 0.334011 0.462817 0.005902 0.008853
0 0.354122 0.450357 0.007214 0.008853
0 0.341771 0.425602 0.006121 0.010492
0 0.352701 0.396911 0.006121 0.008853
0 0.331169 0.403633 0.005902 0.008525
0 0.339476 0.373139 0.005902 0.008525
0 0.349968 0.339858 0.006776 0.009509