0 0.479048 0.163945 0.005683 0.008525
0 0.459265 0.180668 0.005902 0.008525
0 0.525390 0.156732 0.005683 0.008525
0 0.599602 0.239360 0.005465 0.009181
0 0.580257 0.239360 0.005683 0.009181
0 0.564627 0.214768 0.005902 0.008525
0 0.530089 0.221162 0.006339 0.008197
0 0.506481 0.214276 0.005465 0.009509
0 0.515334 0.181487 0.005683 0.008853
0 0.494349 0.185094 0.006121 0.008853
0 0.473802 0.199029 0.006121 0.009181
0 0.552386 0.242147 0.005465 0.008853
0 0.536647 0.255263 0.005902 0.009509
0 0.514241 0.245918 0.005683 0.009181
0 0.591077 0.271985 0.006339 0.009509
0 0.613701 0.304282 0.006121 0.009837
0 0.593044 0.303135 0.006339 0.010820
0 0.566704 0.274936 0.006121 0.009509
0 0.571404 0.306086 0.006339 0.009509
0 0.548998 0.283789 0.006121 0.009509
0 0.529652 0.307561 0.006776 0.010492
0 0.595449 0.337563 0.006339 0.010165
0 0.613920 0.334612 0.006121 0.009509
0 0.509323 0.343465 0.006339 0.010820
0 0.509542 0.310348 0.006339 0.010165
0 0.497847 0.281986 0.006995 0.009837
0 0.492382 0.250344 0.005683 0.008853
0 0.484731 0.223785 0.006121 0.008853
0 0.451942 0.219687 0.006121 0.009181
0 0.466041 0.238540 0.006339 0.009509
0 0.473474 0.268542 0.006339 0.009837
0 0.449428 0.263132 0.006339 0.008853
0 0.434018 0.240835 0.006121 0.010165
0 0.417623 0.266739 0.006558 0.010165
0 0.428225 0.291167 0.006339 0.009837
0 0.404289 0.291495 0.006121 0.009837
0 0.439154 0.319529 0.006339 0.010165
0 0.459265 0.330022 0.006339 0.010165
0 0.456095 0.291495 0.006121 0.009837
0 0.477627 0.302315 0.005902 0.009837
0 0.550419 0.357400 0.005902 0.010492
0 0.593154 0.376582 0.006558 0.010820
0 0.571950 0.376910 0.006121 0.010165
0 0.555993 0.391993 0.006121 0.010165
0 0.532275 0.372483 0.005902 0.009181
0 0.611188 0.401174 0.006339 0.010165
0 0.592170 0.411011 0.006339 0.009509
0 0.568890 0.412978 0.006121 0.009509
0 0.544189 0.421995 0.006558 0.009181
0 0.503202 0.424126 0.005902 0.009509
0 0.477736 0.418060 0.006558 0.009837
0 0.458500 0.393468 0.006121 0.009837
0 0.392157 0.266903 0.005902 0.009181
0 0.587689 0.446259 0.006121 0.009837
0 0.577524 0.475277 0.005902 0.010165
0 0.562223 0.449866 0.006339 0.009181
0 0.590968 0.503476 0.006121 0.010165
0 0.555009 0.479704 0.006339 0.009837
0 0.541784 0.455604 0.006558 0.009509
0 0.545610 0.514460 0.005902 0.010492
0 0.561567 0.542167 0.006339 0.010165
0 0.573699 0.569054 0.006121 0.009509
0 0.537631 0.549544 0.006558 0.009837
0 0.524952 0.520198 0.006995 0.008853
0 0.524625 0.582333 0.006339 0.010492
0 0.499596 0.577907 0.006121 0.009509
0 0.512821 0.475605 0.006339 0.010165
0 0.491945 0.463637 0.005683 0.010492
0 0.470195 0.446751 0.005465 0.010165
0 0.560802 0.600367 0.006121 0.009181
0 0.550637 0.629877 0.005902 0.008525
0 0.539380 0.604630 0.006121 0.009837
0 0.525936 0.632337 0.006339 0.008853
0 0.536538 0.659060 0.006558 0.009837
0 0.508121 0.659551 0.006558 0.008853
0 0.490524 0.632664 0.006776 0.008853
0 0.483748 0.605941 0.005902 0.009181
0 0.462544 0.592826 0.005902 0.008525
0 0.465276 0.626435 0.006558 0.010165
0 0.474348 0.654961 0.006776 0.010165
0 0.487354 0.684799 0.006121 0.010165
0 0.498940 0.708899 0.005683 0.010492
0 0.481343 0.727097 0.006339 0.011476
0 0.469320 0.702997 0.006776 0.009181
0 0.458937 0.741688 0.005683 0.009181
0 0.445603 0.613483 0.006121 0.009181
0 0.445822 0.643485 0.006558 0.010165
0 0.425711 0.657912 0.006121 0.009509
0 0.430083 0.683160 0.006121 0.008853
0 0.446696 0.715293 0.005683 0.010165
0 0.436203 0.746606 0.005246 0.008525
0 0.421448 0.712998 0.005465 0.009509
0 0.399370 0.709555 0.006339 0.009181
0 0.406693 0.679717 0.006121 0.010492
0 0.404945 0.642665 0.006558 0.007869
0 0.421776 0.625123 0.005683 0.008853
0 0.408879 0.594793 0.005683 0.009181
0 0.392813 0.322972 0.006339 0.009181
0 0.380790 0.298052 0.005902 0.009181
0 0.405163 0.344613 0.006121 0.009837
0 0.437406 0.389042 0.006776 0.010820
0 0.328109 0.595449 0.006339 0.010492
0 0.352045 0.624795 0.005683 0.009509
0 0.345924 0.595121 0.006558 0.010492
0 0.390190 0.612335 0.006776 0.010820
0 0.373249 0.627910 0.005246 0.009837
0 0.383960 0.658076 0.006121 0.010492
0 0.362647 0.661191 0.005902 0.010165
0 0.341880 0.663486 0.005902 0.009509
0 0.350624 0.690209 0.006339 0.009837
0 0.374997 0.686111 0.006995 0.009509
0 0.370079 0.714801 0.006339 0.009837
0 0.391173 0.734638 0.006121 0.010820
0 0.451286 0.565119 0.005683 0.009509
0 0.468665 0.532822 0.005902 0.009837
0 0.370953 0.328382 0.005902 0.008853