0 0.330295 0.692177 0.006339 0.009181
0 0.379478 0.632664 0.006776 0.009509
0 0.322644 0.565447 0.006339 0.008853
0 0.430083 0.561840 0.006558 0.010165
0 0.488119 0.559709 0.006339 0.009181
0 0.491836 0.625451 0.005902 0.010820
0 0.428006 0.485934 0.006339 0.009181
0 0.334011 0.407568 0.005902 0.009181
0 0.384943 0.393304 0.006339 0.009509
0 0.423634 0.355925 0.005902 0.009509
0 0.479813 0.416421 0.006339 0.009181
0 0.509651 0.481507 0.006121 0.010165
0 0.544735 0.377566 0.007214 0.010820
0 0.615013 0.403141 0.006558 0.010165
0 0.649004 0.537412 0.006339 0.009837
0 0.569546 0.545610 0.006121 0.010492
0 0.610095 0.577743 0.006776 0.011148
0 0.648567 0.603154 0.006776 0.009509
0 0.584629 0.649551 0.006558 0.010492
0 0.533478 0.656273 0.006995 0.010165