0 0.333037 0.151785 0.008896 0.012232
0 0.393084 0.138719 0.008896 0.013900
0 0.419956 0.145113 0.010008 0.013344
0 0.477038 0.165684 0.010008 0.013344
0 0.481671 0.203770 0.009637 0.012788
0 0.359539 0.175970 0.009266 0.015012
0 0.387524 0.177916 0.009637 0.013344
0 0.417547 0.180696 0.008896 0.013344
0 0.451462 0.193484 0.010008 0.013344
0 0.510953 0.219893 0.009637 0.013900
0 0.561363 0.226009 0.008896 0.013900
0 0.613811 0.274102 0.009266 0.014456
0 0.587494 0.291616 0.009266 0.015012
0 0.534860 0.246025 0.009266 0.013900
0 0.533192 0.291338 0.008154 0.013344
0 0.508729 0.269932 0.010378 0.012788
0 0.477594 0.247971 0.008896 0.013344
0 0.446829 0.235183 0.010378 0.013344
0 0.385114 0.221005 0.010008 0.013900
0 0.356944 0.222673 0.009266 0.012788
0 0.328589 0.189314 0.008154 0.012788
0 0.303569 0.214611 0.009266 0.013344
0 0.324512 0.243801 0.008154 0.012788
0 0.360651 0.258534 0.010008 0.013344
0 0.425516 0.272434 0.008525 0.014456
0 0.455910 0.269932 0.008525 0.013900
0 0.480374 0.298288 0.009266 0.012788
0 0.508914 0.311353 0.009266 0.015568
0 0.560992 0.315801 0.008154 0.014456
0 0.589718 0.340265 0.009266 0.014456
0 0.615108 0.372512 0.008896 0.014456
0 0.561919 0.358612 0.009266 0.014456
0 0.519849 0.372790 0.008896 0.013900
0 0.244264 0.277438 0.009266 0.014456
0 0.263353 0.303013 0.009637 0.013344
0 0.289670 0.328311 0.009637 0.015012
0 0.319137 0.319137 0.009266 0.013344
0 0.301160 0.282720 0.008154 0.013900
0 0.332666 0.276882 0.009637 0.014456
0 0.377331 0.302457 0.009266 0.014456
0 0.434783 0.311353 0.009266 0.014456
0 0.403647 0.348604 0.010008 0.013344
0 0.374180 0.341655 0.008896 0.016124
0 0.347122 0.359168 0.008896 0.014456
0 0.318025 0.362782 0.008525 0.013900
0 0.293191 0.372512 0.008525 0.014456
0 0.261314 0.344991 0.009266 0.015012
0 0.238890 0.370844 0.009637 0.013344
0 0.268913 0.389192 0.008896 0.014456
0 0.249824 0.413377 0.008525 0.012788
0 0.301716 0.412821 0.009266 0.015012
0 0.329886 0.403647 0.008525 0.014456
0 0.359910 0.403091 0.009266 0.013344
0 0.473146 0.379462 0.008896 0.015012
0 0.505393 0.409207 0.008896 0.014456
0 0.606583 0.420883 0.009637 0.014456
0 0.626598 0.457856 0.008896 0.012788
0 0.559509 0.471756 0.009637 0.013900
0 0.485007 0.449516 0.008896 0.013900
0 0.380666 0.445902 0.007784 0.013344
0 0.345639 0.444512 0.008896 0.012788
0 0.319878 0.450350 0.008525 0.013344
0 0.282071 0.436451 0.009266 0.012232
0 0.296712 0.476204 0.008896 0.013900
0 0.316172 0.515679 0.007784 0.013900
0 0.334705 0.547370 0.009266 0.013900
0 0.339338 0.498999 0.008154 0.013900
0 0.366396 0.484266 0.008896 0.013344
0 0.435895 0.460080 0.008525 0.013900
0 0.427184 0.502057 0.008896 0.014456
0 0.409022 0.539308 0.010378 0.013344
0 0.381037 0.557100 0.009266 0.013344
0 0.359724 0.576838 0.008154 0.012788
0 0.335446 0.595463 0.008525 0.012232
0 0.358612 0.620761 0.008154 0.015012
0 0.310056 0.565162 0.008896 0.013900
0 0.410690 0.634660 0.008525 0.012788
0 0.406242 0.591015 0.008525 0.014456
0 0.381222 0.607139 0.008896 0.014456
0 0.438304 0.569332 0.008154 0.014456
0 0.462953 0.585455 0.007784 0.014456
0 0.461285 0.639664 0.008154 0.015012
0 0.438304 0.613255 0.008154 0.015568
0 0.433115 0.660514 0.009637 0.013344
0 0.464435 0.679417 0.008525 0.013344
0 0.490567 0.655510 0.008896 0.014456
0 0.490381 0.695263 0.009266 0.013900
0 0.521702 0.715001 0.008896 0.012232
0 0.554691 0.718058 0.008896 0.013900
0 0.553579 0.682475 0.008896 0.012788
0 0.547463 0.637162 0.009266 0.012232
0 0.516884 0.625764 0.008154 0.013900
0 0.493161 0.611031 0.009637 0.013344
0 0.510026 0.572668 0.009266 0.013344
0 0.536528 0.585733 0.008154 0.013900
0 0.568590 0.605471 0.007784 0.014456
0 0.600096 0.604359 0.009266 0.013344
0 0.581193 0.643000 0.009266 0.013900
0 0.500575 0.515957 0.008896 0.013344
0 0.534119 0.491493 0.009266 0.014456
0 0.584343 0.512621 0.008896 0.013344
0 0.611031 0.496497 0.008154 0.013344
0 0.625116 0.535972 0.008896 0.014456
0 0.629008 0.584899 0.008525 0.012232
0 0.611031 0.645502 0.008896 0.013344
0 0.586938 0.688591 0.008154 0.013900
0 0.585826 0.728622 0.008896 0.013900
0 0.581749 0.764483 0.008896 0.013344
0 0.612513 0.722506 0.008154 0.012788
0 0.620297 0.681641 0.009637 0.012232
0 0.462397 0.428111 0.009637 0.012232
0 0.637904 0.306071 0.009266 0.013900
0 0.637718 0.347770 0.008896 0.013900
0 0.661440 0.331647 0.008154 0.015012
0 0.683495 0.366118 0.008525 0.013900
0 0.658660 0.381130 0.008525 0.013900
0 0.678120 0.421439 0.008896 0.013344
0 0.718336 0.450906 0.008525 0.012232
0 0.694800 0.468976 0.008896 0.012788
0 0.651062 0.450350 0.008896 0.014456
0 0.666815 0.487601 0.008525 0.012232
0 0.640313 0.498721 0.008896 0.013344
0 0.706846 0.508729 0.008525 0.013344
0 0.650877 0.540976 0.008525 0.013344
0 0.657919 0.584899 0.008525 0.014456
0 0.680900 0.581563 0.008525 0.013344
0 0.712221 0.554876 0.008896 0.013344
0 0.737425 0.537084 0.008896 0.013344
0 0.729827 0.490103 0.009266 0.013900
0 0.736684 0.582953 0.007413 0.012788
0 0.704437 0.604359 0.008896 0.013344
0 0.696838 0.647448 0.008525 0.013900
0 0.672560 0.626320 0.008896 0.013900
0 0.639757 0.622707 0.008525 0.014456
0 0.715927 0.668576 0.008896 0.015012
0 0.694058 0.706383 0.007413 0.013900
0 0.670892 0.691093 0.007784 0.013344
0 0.648838 0.666630 0.008896 0.013344
0 0.646243 0.709441 0.008896 0.014456
0 0.642907 0.751140 0.008896 0.013344
0 0.667742 0.739186 0.008154 0.012788