0 0.533040 0.383304 0.006558 0.011148
0 0.515444 0.367401 0.006339 0.009509
0 0.514679 0.397403 0.005683 0.009181
0 0.492819 0.385107 0.006121 0.009509
0 0.490305 0.420683 0.006339 0.009181
0 0.571841 0.471834 0.006339 0.010492
0 0.551184 0.485770 0.005246 0.008853
0 0.528341 0.500525 0.005465 0.008853
0 0.522548 0.532494 0.005683 0.009181
0 0.522985 0.581514 0.005683 0.008853
0 0.505388 0.513640 0.005902 0.009509
0 0.485934 0.528559 0.005465 0.009181
0 0.416639 0.460358 0.005902 0.009181
0 0.487136 0.454456 0.005683 0.009181
0 0.462325 0.503804 0.005465 0.009509