0 0.343083 0.389698 0.006558 0.008853
0 0.348438 0.415109 0.006339 0.009181
0 0.357838 0.441832 0.006776 0.010165
0 0.332262 0.433471 0.006339 0.008525
0 0.304282 0.431340 0.006776 0.009509
0 0.371609 0.405272 0.005902 0.009181
0 0.394452 0.389370 0.006121 0.008197
0 0.420028 0.386091 0.006121 0.009509
0 0.440794 0.381828 0.006558 0.008853
0 0.465714 0.376910 0.006121 0.008853
0 0.486699 0.382320 0.006121 0.009181
0 0.512383 0.383468 0.005902 0.009509
0 0.523750 0.362155 0.005902 0.009509
0 0.534133 0.391993 0.005683 0.009509
0 0.545937 0.365926 0.006121 0.009181
0 0.524515 0.416257 0.006121 0.009509
0 0.510416 0.443308 0.006339 0.009837
0 0.484185 0.439537 0.006776 0.009509
0 0.500142 0.408879 0.006339 0.011148
0 0.473583 0.411666 0.006121 0.009509
0 0.452161 0.406912 0.006995 0.009181
0 0.429208 0.411830 0.006558 0.008525
0 0.381009 0.428881 0.006339 0.009837
0 0.418935 0.445603 0.006121 0.009181
0 0.438171 0.441996 0.006121 0.009181
0 0.464074 0.442980 0.006339 0.009837
0 0.506918 0.477408 0.006339 0.009837
0 0.511400 0.509542 0.006558 0.009837
0 0.502109 0.545118 0.005902 0.010820
0 0.481890 0.543642 0.006121 0.010492
0 0.455440 0.508230 0.006558 0.009837
0 0.436313 0.476589 0.006776 0.010165
0 0.396419 0.455276 0.006121 0.008853
0 0.372046 0.469703 0.005465 0.009509
0 0.290620 0.453636 0.005246 0.009509
0 0.312807 0.461342 0.006339 0.010492
0 0.336743 0.465112 0.006558 0.010165
0 0.352154 0.484458 0.006776 0.010165
0 0.415546 0.482491 0.006339 0.010165
0 0.389971 0.487901 0.006339 0.009837
0 0.369205 0.505115 0.006339 0.008853
0 0.321551 0.490852 0.006339 0.009181
0 0.300894 0.487245 0.006121 0.009181
0 0.281549 0.490360 0.006339 0.009509
0 0.338274 0.515444 0.005683 0.010492
0 0.315431 0.530854 0.006339 0.009181
0 0.294336 0.530199 0.005683 0.010492
0 0.276412 0.526592 0.006121 0.009181
0 0.354449 0.533969 0.006121 0.008197
0 0.335432 0.550528 0.006558 0.009837
0 0.320677 0.565283 0.005902 0.009181
0 0.299145 0.562168 0.006121 0.008853
0 0.306031 0.598728 0.007214 0.009837
0 0.282969 0.594629 0.006121 0.008197
0 0.293680 0.624467 0.006121 0.008853
0 0.320895 0.626107 0.006339 0.010165
0 0.352810 0.618073 0.006339 0.009181
0 0.350515 0.574300 0.006121 0.009509
0 0.369423 0.563480 0.006339 0.009509
0 0.401447 0.555774 0.006558 0.009181
0 0.439482 0.542331 0.006121 0.010492
0 0.387785 0.581186 0.005902 0.009509
0 0.367565 0.596105 0.005246 0.009181
0 0.386583 0.615778 0.006995 0.008525
0 0.372156 0.633484 0.005683 0.009837
0 0.338601 0.645944 0.006339 0.009181
0 0.327125 0.670372 0.005683 0.008197
0 0.309966 0.651190 0.005902 0.008525
0 0.361226 0.667093 0.006121 0.009509
0 0.569873 0.371828 0.005902 0.009837
0 0.557851 0.396911 0.006339 0.010165
0 0.577743 0.408551 0.005902 0.009181
0 0.565829 0.431668 0.006558 0.010165
0 0.551839 0.456587 0.006121 0.010165
0 0.599821 0.422815 0.006776 0.009509
0 0.619276 0.441504 0.005902 0.008853
0 0.646928 0.438553 0.006121 0.008197
0 0.639823 0.465604 0.006339 0.011148
0 0.664306 0.461178 0.005902 0.008853
0 0.655562 0.491016 0.005902 0.010165
0 0.627582 0.489868 0.006776 0.009837
0 0.595449 0.489376 0.005902 0.010165
0 0.590640 0.452981 0.005465 0.008853
0 0.612062 0.468063 0.006339 0.008197
0 0.575229 0.471014 0.006121 0.008853
0 0.551621 0.489048 0.006121 0.010165
0 0.575338 0.505935 0.005902 0.009181
0 0.594902 0.527740 0.005683 0.009509
0 0.613264 0.509869 0.005683 0.009181
0 0.641026 0.517739 0.005683 0.009837
0 0.664634 0.519870 0.005683 0.009509
0 0.683979 0.525444 0.006339 0.009509
0 0.644086 0.553971 0.005683 0.010165
0 0.623101 0.539544 0.005683 0.009509
0 0.624959 0.574792 0.005902 0.009181
0 0.638403 0.592990 0.006121 0.009509
0 0.660153 0.600859 0.005465 0.010165
0 0.649988 0.631025 0.006558 0.009509
0 0.656109 0.658404 0.006121 0.008525
0 0.632719 0.656436 0.006558 0.010492
0 0.622445 0.623320 0.006558 0.009181
0 0.610750 0.601515 0.006339 0.009509
0 0.588891 0.582005 0.006776 0.009837
0 0.581131 0.554299 0.006121 0.009509
0 0.559709 0.565447 0.006121 0.009509
0 0.548670 0.607581 0.005902 0.010492
0 0.564409 0.628402 0.006776 0.010165
0 0.619494 0.699554 0.006339 0.010165
0 0.613483 0.670044 0.006995 0.009509
0 0.604302 0.640698 0.005683 0.009837
0 0.592607 0.685291 0.006339 0.009181
0 0.600149 0.709391 0.005683 0.010165
0 0.566704 0.694800 0.005683 0.009181
0 0.556976 0.727753 0.005902 0.009509
0 0.559818 0.664634 0.006339 0.009837
0 0.544517 0.705128 0.006776 0.010165