0 0.564736 0.259033 0.006121 0.009181
0 0.541784 0.259525 0.005683 0.008853
0 0.571841 0.289035 0.006339 0.009509
0 0.590968 0.301167 0.006121 0.009509
0 0.608018 0.286248 0.006558 0.008525
0 0.623866 0.365926 0.005902 0.009181
0 0.603974 0.381500 0.006776 0.009509
0 0.629768 0.398223 0.007214 0.010165
0 0.646600 0.412650 0.006339 0.009509
0 0.628566 0.435602 0.006995 0.010165
0 0.606269 0.420847 0.006995 0.009509
0 0.600039 0.451505 0.006776 0.010492
0 0.620369 0.464785 0.007214 0.010165
0 0.637965 0.480687 0.006121 0.010492
0 0.627801 0.507738 0.005902 0.010820
0 0.611406 0.496918 0.006339 0.009509
0 0.596760 0.530035 0.006776 0.010820
0 0.604630 0.564627 0.006776 0.011148
0 0.584738 0.559873 0.005902 0.010820
0 0.569873 0.586924 0.006339 0.010492
0 0.563862 0.543806 0.006558 0.010165
0 0.578289 0.514624 0.006558 0.010165
0 0.565174 0.482327 0.006558 0.010492
0 0.587361 0.416093 0.006339 0.010492
0 0.586159 0.382156 0.006995 0.009509
0 0.590858 0.347072 0.007214 0.011476
0 0.554900 0.639714 0.006995 0.011148
0 0.551730 0.605613 0.006339 0.009837
0 0.546156 0.572005 0.006558 0.009509
0 0.559162 0.516263 0.006776 0.008197
0 0.539052 0.534953 0.007214 0.010165
0 0.544517 0.482491 0.006339 0.010165
0 0.522767 0.288871 0.005683 0.009181
0 0.548561 0.286412 0.006558 0.010165
0 0.550528 0.316906 0.006121 0.010165
0 0.572497 0.323464 0.006339 0.010165
0 0.569108 0.357728 0.006121 0.009837
0 0.548888 0.345432 0.006776 0.008853
0 0.526155 0.348547 0.006776 0.009181
0 0.528996 0.316086 0.006339 0.009181
0 0.506481 0.326415 0.006339 0.010820
0 0.500361 0.295429 0.005902 0.009837
0 0.477518 0.306577 0.006558 0.010492
0 0.479266 0.335596 0.006558 0.009509
0 0.503749 0.355761 0.007432 0.010492
0 0.518941 0.381173 0.006776 0.009509
0 0.543205 0.377402 0.007214 0.010492
0 0.562878 0.422979 0.006776 0.010492
0 0.544407 0.410847 0.006121 0.009181
0 0.533696 0.441013 0.006121 0.010492
0 0.457844 0.318382 0.006121 0.009837
0 0.455549 0.287396 0.005902 0.009509
0 0.435220 0.307725 0.006339 0.008853
0 0.437843 0.338547 0.006339 0.009509
0 0.417186 0.326743 0.005683 0.008853
0 0.418388 0.353958 0.006339 0.010820
0 0.441559 0.366090 0.005902 0.010820
0 0.479704 0.368221 0.006995 0.009837
0 0.494021 0.392649 0.006776 0.009509
0 0.443198 0.399862 0.006995 0.010820
0 0.420028 0.384943 0.006995 0.008525
0 0.422104 0.424126 0.006339 0.009509
0 0.455877 0.428717 0.005683 0.009509
0 0.473255 0.448390 0.005902 0.010165
0 0.481999 0.483638 0.005902 0.009181
0 0.502328 0.507246 0.006339 0.009181
0 0.479813 0.533805 0.006339 0.010492
0 0.466151 0.502984 0.006995 0.009837
0 0.431067 0.503640 0.006776 0.009837
0 0.434236 0.544954 0.006121 0.009837
0 0.437406 0.577251 0.006339 0.009509
0 0.411940 0.593318 0.006558 0.010165
0 0.494459 0.559053 0.007214 0.011148
0 0.526264 0.562496 0.006995 0.011476
0 0.530417 0.592826 0.006558 0.009837
0 0.510853 0.617418 0.005902 0.009837
0 0.490852 0.607253 0.006558 0.009837
0 0.492819 0.641845 0.005683 0.009509
0 0.516099 0.652010 0.006339 0.008853
0 0.518613 0.684635 0.006995 0.009837
0 0.497300 0.702505 0.006339 0.010165
0 0.476862 0.691193 0.006558 0.009181
0 0.470960 0.661027 0.006558 0.009837
0 0.479157 0.721523 0.006339 0.010165
0 0.456970 0.737261 0.006558 0.009509
0 0.455877 0.706276 0.006558 0.009837
0 0.449975 0.639714 0.006121 0.009837
0 0.427460 0.652502 0.006995 0.009837
0 0.424837 0.680700 0.006558 0.009837
0 0.432050 0.716768 0.006558 0.009837
0 0.412923 0.626107 0.006776 0.010165
0 0.408661 0.447078 0.006121 0.008853
0 0.408114 0.753656 0.005902 0.009509
0 0.386583 0.756443 0.006121 0.011148
0 0.362428 0.752836 0.005902 0.009837
0 0.340897 0.741032 0.005683 0.009181
0 0.359914 0.721031 0.006121 0.009837
0 0.383632 0.726441 0.006339 0.010820
0 0.405600 0.723654 0.006121 0.009837
0 0.403633 0.688406 0.006121 0.009509
0 0.404835 0.656928 0.006339 0.010820
0 0.381992 0.657912 0.006558 0.010820
0 0.391392 0.632173 0.006995 0.009837
0 0.356417 0.681028 0.006121 0.009181
0 0.338820 0.700374 0.006339 0.010492
0 0.320240 0.682176 0.006339 0.008853
0 0.305594 0.697915 0.006339 0.010165
0 0.293243 0.666437 0.006558 0.008853
0 0.336416 0.661683 0.006776 0.009837
0 0.360351 0.655289 0.006121 0.010165
0 0.367237 0.624631 0.005902 0.009837
0 0.346908 0.627254 0.006776 0.009837
0 0.323628 0.626762 0.006121 0.010165
0 0.306468 0.644468 0.006776 0.009509
0 0.284172 0.630369 0.006339 0.008853
0 0.303736 0.613647 0.006121 0.009509
0 0.284937 0.601187 0.005683 0.009509
0 0.323628 0.592498 0.006558 0.009181
0 0.343410 0.590858 0.006776 0.009837
0 0.365379 0.588563 0.006121 0.009181
0 0.306468 0.574300 0.006339 0.008853
0 0.373030 0.554954 0.006121 0.009509
0 0.351936 0.559217 0.006339 0.008853
0 0.329311 0.554299 0.006558 0.009509
0 0.310512 0.543970 0.006558 0.009181
0 0.294773 0.531510 0.006121 0.009837
0 0.323081 0.513148 0.006776 0.009181
0 0.340459 0.520690 0.005246 0.011148
0 0.363521 0.524133 0.006339 0.009509
0 0.390080 0.525116 0.006121 0.009509
0 0.402759 0.499869 0.006558 0.010820
0 0.376309 0.494787 0.006558 0.009837
0 0.388987 0.472818 0.006558 0.009837
0 0.369095 0.459374 0.006995 0.009181
0 0.383522 0.431996 0.005683 0.009509
0 0.401556 0.413962 0.005902 0.008197
0 0.398605 0.379205 0.006121 0.008853
0 0.364286 0.425766 0.006121 0.008197
0 0.380899 0.396255 0.005683 0.009509
0 0.350952 0.449374 0.006558 0.008197
0 0.333027 0.478064 0.005246 0.009837