0 0.342973 0.389698 0.006339 0.008853
0 0.371609 0.405436 0.006776 0.009509
0 0.348657 0.415109 0.006776 0.009181
0 0.332153 0.433307 0.006558 0.010165
0 0.304392 0.431340 0.006121 0.009509
0 0.290620 0.453308 0.006558 0.010165
0 0.312698 0.461014 0.006995 0.009181
0 0.300894 0.487737 0.006558 0.010165
0 0.281221 0.489540 0.006121 0.009837
0 0.276084 0.526264 0.006339 0.009181
0 0.294008 0.530035 0.005465 0.010165
0 0.321660 0.491016 0.006558 0.008853
0 0.336743 0.464949 0.006995 0.009181
0 0.357728 0.441996 0.006558 0.009837
0 0.381227 0.428553 0.006339 0.009837
0 0.394343 0.389534 0.005902 0.009837
0 0.420137 0.386091 0.006776 0.009509
0 0.429208 0.411830 0.006995 0.009837
0 0.440575 0.381500 0.006558 0.009509
0 0.451833 0.406092 0.006339 0.008853
0 0.465932 0.376910 0.006558 0.010165
0 0.473364 0.411502 0.006121 0.009181
0 0.486699 0.382484 0.006558 0.009509
0 0.418825 0.445275 0.006776 0.011148
0 0.396419 0.455276 0.006558 0.009509
0 0.372156 0.469375 0.006558 0.009509
0 0.352045 0.483310 0.006995 0.009837
0 0.338383 0.515280 0.007214 0.009509
0 0.315103 0.530363 0.006558 0.009509
0 0.389971 0.487081 0.006776 0.010820
0 0.369095 0.505115 0.006558 0.008853
0 0.416093 0.482819 0.006995 0.009509
0 0.436422 0.477080 0.006995 0.009181
0 0.437952 0.442160 0.006995 0.010165
0 0.464293 0.443472 0.006339 0.010165
0 0.484294 0.440029 0.005683 0.009837
0 0.499923 0.407896 0.006776 0.011148
0 0.455658 0.508066 0.006121 0.010820
0 0.439482 0.542659 0.006121 0.010492
0 0.401447 0.556102 0.006558 0.009837
0 0.354559 0.533805 0.006339 0.009181
0 0.335323 0.550036 0.006776 0.010820
0 0.320895 0.565447 0.006339 0.008853
0 0.299255 0.562332 0.005902 0.009181
0 0.306140 0.598892 0.006558 0.010165
0 0.282969 0.594793 0.006558 0.009181
0 0.387566 0.581350 0.006339 0.009837
0 0.369532 0.563971 0.006558 0.009837
0 0.350624 0.574464 0.006339 0.010492
0 0.367565 0.596105 0.006121 0.011148
0 0.427788 0.569546 0.006776 0.009837
0 0.482108 0.543806 0.006558 0.010165
0 0.502219 0.544790 0.006558 0.010165
0 0.478173 0.580530 0.006121 0.009509
0 0.506700 0.583153 0.006339 0.010165
0 0.409098 0.628566 0.006121 0.009837
0 0.386583 0.615286 0.006558 0.008853
0 0.372265 0.633812 0.006339 0.009837
0 0.352701 0.617909 0.006995 0.009509
0 0.338711 0.645780 0.006558 0.009509
0 0.320895 0.626107 0.006339 0.010820
0 0.293571 0.624303 0.006776 0.009181
0 0.309856 0.651026 0.006995 0.010165
0 0.326907 0.670536 0.006995 0.010492
0 0.361117 0.667585 0.006776 0.010492
0 0.383741 0.683160 0.006558 0.010165
0 0.370735 0.706932 0.006339 0.009837
0 0.394234 0.717424 0.006121 0.009837
0 0.405819 0.693652 0.006121 0.010165
0 0.415000 0.665617 0.005683 0.011148
0 0.439592 0.673323 0.006339 0.010165
0 0.453800 0.645780 0.005902 0.010165
0 0.478064 0.613975 0.007214 0.011476
0 0.499923 0.648075 0.006339 0.010820
0 0.489431 0.674307 0.005902 0.009509
0 0.464402 0.673159 0.006121 0.009181
0 0.452707 0.703817 0.006339 0.008197
0 0.440029 0.730376 0.006339 0.010820
0 0.415984 0.721523 0.006776 0.009509
0 0.499158 0.705456 0.006121 0.009509
0 0.486808 0.733655 0.005465 0.009509
0 0.507137 0.478064 0.005902 0.009837
0 0.534024 0.391665 0.005902 0.009509
0 0.512602 0.383632 0.006776 0.009181
0 0.523859 0.361827 0.006121 0.008853
0 0.545719 0.365762 0.006558 0.009509
0 0.569655 0.371500 0.005902 0.009837
0 0.557632 0.396911 0.005902 0.009509
0 0.577415 0.408060 0.006121 0.009509
0 0.524515 0.416093 0.005683 0.009837
0 0.510416 0.443472 0.006776 0.010165
0 0.551839 0.456423 0.006558 0.009837
0 0.551730 0.488885 0.006776 0.010492
0 0.511509 0.509050 0.006339 0.009509
0 0.565611 0.431176 0.006558 0.010492
0 0.646709 0.438225 0.005683 0.010165
0 0.619494 0.441340 0.006339 0.009837
0 0.599930 0.422651 0.005683 0.010492
0 0.574901 0.470851 0.007214 0.011148
0 0.613155 0.670372 0.006339 0.010820
0 0.592389 0.685455 0.006339 0.010165
0 0.566922 0.694636 0.006121 0.009509
0 0.600367 0.709883 0.005683 0.009837
0 0.556976 0.728081 0.006776 0.008853
0 0.559818 0.664634 0.006339 0.010492
0 0.544844 0.646436 0.006121 0.010165
0 0.535882 0.672339 0.006121 0.010165
0 0.544735 0.704800 0.006339 0.010820
0 0.521346 0.710374 0.006339 0.009509
0 0.510197 0.674798 0.006339 0.008525
0 0.521892 0.640370 0.006121 0.009837
0 0.548888 0.607417 0.006339 0.010165