0 0.396638 0.390845 0.006121 0.008525
0 0.421011 0.447242 0.006339 0.009181
0 0.431394 0.413142 0.006121 0.009181
0 0.422541 0.387075 0.006339 0.010165
0 0.442871 0.383468 0.006339 0.008853
0 0.454128 0.407896 0.006121 0.008525
0 0.440138 0.443964 0.006121 0.009837
0 0.438389 0.478228 0.006558 0.009509
0 0.417623 0.483638 0.006121 0.009837
0 0.457735 0.509542 0.006339 0.009837
0 0.509104 0.479212 0.005902 0.009509
0 0.486152 0.441340 0.006339 0.009181
0 0.466041 0.444783 0.006339 0.009509
0 0.475332 0.412978 0.005683 0.009509
0 0.468118 0.378877 0.006121 0.008853
0 0.488994 0.383960 0.006339 0.009181
0 0.514679 0.385763 0.006558 0.009509
0 0.502219 0.410355 0.006121 0.010165
0 0.512602 0.445111 0.006776 0.010820
0 0.441340 0.543970 0.005902 0.010492
0 0.429318 0.570529 0.006776 0.009837
0 0.389643 0.582497 0.006121 0.009509
0 0.374014 0.634796 0.005902 0.010492
0 0.388331 0.616270 0.006121 0.008853
0 0.410956 0.629549 0.006339 0.009837
0 0.479813 0.614794 0.006776 0.010492
0 0.480031 0.581841 0.006339 0.010165
0 0.483857 0.545282 0.006558 0.009181
0 0.526373 0.363630 0.005465 0.010492
0 0.526592 0.418552 0.005902 0.010165
0 0.513695 0.511345 0.006339 0.009509
0 0.503967 0.546921 0.006121 0.010492
0 0.508558 0.584792 0.006558 0.010165
0 0.403305 0.556758 0.006776 0.009837
0 0.501672 0.649059 0.005465 0.010820
0 0.523532 0.642337 0.005902 0.009837
0 0.512055 0.677094 0.006121 0.008525
0 0.523094 0.711850 0.006339 0.010492
0 0.501016 0.707259 0.005902 0.009181
0 0.491398 0.676110 0.005902 0.009837
0 0.466151 0.674470 0.006121 0.009181
0 0.455440 0.646928 0.006121 0.009837
0 0.441340 0.673979 0.006339 0.009509
0 0.454456 0.705948 0.006339 0.009837
0 0.441559 0.731359 0.006776 0.010820
0 0.488666 0.735130 0.005683 0.009837
0 0.417951 0.723326 0.006776 0.010492
0 0.407458 0.694636 0.005902 0.009509
0 0.416858 0.666601 0.005902 0.009837
0 0.385271 0.684307 0.006121 0.009181
0 0.395545 0.718572 0.006121 0.009509
0 0.372265 0.707587 0.005902 0.010492
0 0.362647 0.668241 0.006339 0.009837
0 0.547795 0.367729 0.005902 0.009509
0 0.572059 0.373631 0.006339 0.009509
0 0.579601 0.410355 0.005683 0.010165
0 0.560037 0.399207 0.006339 0.009509
0 0.536210 0.393304 0.006339 0.009509
0 0.567797 0.434127 0.006121 0.009837
0 0.553807 0.458227 0.006558 0.010165
0 0.601788 0.425438 0.006339 0.010165
0 0.621024 0.443472 0.006339 0.009509
0 0.648676 0.441176 0.006558 0.010820
0 0.666055 0.463473 0.006339 0.010165
0 0.641900 0.468227 0.006558 0.011148
0 0.613920 0.470195 0.006995 0.010492
0 0.592716 0.455276 0.006121 0.009509
0 0.577196 0.472654 0.006558 0.008853
0 0.553807 0.491508 0.006558 0.009837
0 0.577524 0.508066 0.006776 0.008853
0 0.597198 0.491508 0.006339 0.009837
0 0.629549 0.492327 0.006776 0.009509
0 0.657529 0.493311 0.006339 0.009509
0 0.666492 0.522001 0.006339 0.010492
0 0.686165 0.528559 0.006776 0.009837
0 0.642884 0.519870 0.006776 0.010165
0 0.615669 0.511837 0.006558 0.009837
0 0.596870 0.530527 0.006558 0.010492
0 0.624959 0.542003 0.006339 0.010492
0 0.646163 0.556266 0.006339 0.009509
0 0.626926 0.576759 0.006776 0.010492
0 0.582989 0.556758 0.005902 0.010492
0 0.561567 0.567578 0.006339 0.009837
0 0.591077 0.584137 0.006776 0.010820
0 0.550746 0.609220 0.006995 0.010492
0 0.566376 0.629713 0.006339 0.010165
0 0.546921 0.648895 0.006339 0.009181
0 0.612718 0.603810 0.006339 0.009509
0 0.640261 0.594957 0.006339 0.010165
0 0.662120 0.602826 0.005902 0.009509
0 0.651737 0.633156 0.006558 0.009837
0 0.624303 0.625615 0.006339 0.009181
0 0.606379 0.642501 0.006776 0.010165
0 0.634359 0.658404 0.006776 0.011148
0 0.658185 0.660863 0.006339 0.010165
0 0.615450 0.672175 0.007432 0.009837
0 0.594356 0.686438 0.006776 0.009509
0 0.561895 0.666765 0.006558 0.010165
0 0.537631 0.673815 0.006121 0.009837
0 0.568671 0.696603 0.005683 0.008853
0 0.546375 0.706768 0.006121 0.010165
0 0.558834 0.729556 0.006558 0.009837
0 0.601897 0.711522 0.006558 0.009837
0 0.621352 0.701357 0.006558 0.010492