0 0.376965 0.409207 0.006121 0.008525
0 0.383741 0.434783 0.006995 0.008525
0 0.368002 0.454128 0.006121 0.008525
0 0.339913 0.454128 0.006776 0.009837
0 0.326688 0.477572 0.005683 0.009509
0 0.406475 0.423306 0.006121 0.009837
0 0.428990 0.405600 0.006558 0.009181
0 0.454565 0.400190 0.006558 0.008853
0 0.474785 0.394616 0.006339 0.009509
0 0.499923 0.388222 0.006339 0.009181
0 0.521018 0.392157 0.006558 0.008525
0 0.557741 0.369205 0.005683 0.009181
0 0.547140 0.391337 0.006339 0.009509
0 0.568890 0.398387 0.006121 0.009181
0 0.559818 0.423143 0.006339 0.009509
0 0.535117 0.416585 0.005902 0.009509
0 0.508449 0.421995 0.005902 0.009181
0 0.487136 0.418060 0.006121 0.009837
0 0.464293 0.425274 0.006339 0.009181
0 0.455112 0.460030 0.005902 0.009181
0 0.474348 0.455440 0.005902 0.009181
0 0.500361 0.454292 0.005902 0.009509
0 0.520471 0.449702 0.006339 0.009509
0 0.546593 0.451341 0.006995 0.010165
0 0.416749 0.445767 0.006121 0.009509
0 0.393796 0.461014 0.005683 0.009837
0 0.433034 0.471014 0.006339 0.008853
0 0.408989 0.487409 0.005902 0.010165
0 0.373358 0.485606 0.006776 0.008525
0 0.349094 0.482982 0.006339 0.009181
0 0.338164 0.510361 0.006339 0.010165
0 0.318819 0.514460 0.006121 0.009181
0 0.332590 0.553315 0.005683 0.009509
0 0.314228 0.551184 0.006558 0.009181
0 0.358821 0.512165 0.006121 0.007869
0 0.389206 0.503476 0.006995 0.010820
0 0.427460 0.504131 0.006558 0.008853
0 0.453144 0.497410 0.006339 0.009837
0 0.473692 0.490032 0.007214 0.009509
0 0.544626 0.485770 0.006121 0.010165
0 0.493912 0.519706 0.005683 0.010492
0 0.549763 0.517083 0.006776 0.009837
0 0.376527 0.535445 0.006121 0.010492
0 0.354012 0.552495 0.006121 0.008525
0 0.338820 0.584792 0.005902 0.008853
0 0.407240 0.522493 0.006339 0.009509
0 0.393031 0.552167 0.005902 0.009181
0 0.374451 0.570529 0.006339 0.009837
0 0.360242 0.585612 0.005902 0.009181
0 0.390736 0.593318 0.005683 0.010165
0 0.409207 0.581514 0.006339 0.010165
0 0.427897 0.597416 0.005683 0.009181
0 0.441122 0.571677 0.006776 0.008853
0 0.467790 0.583481 0.006339 0.009509
0 0.479157 0.555446 0.006339 0.009181
0 0.521236 0.553151 0.006558 0.009837
0 0.541566 0.553479 0.006558 0.009837
0 0.518941 0.590858 0.005902 0.009181
0 0.547140 0.591514 0.006339 0.009837
0 0.408442 0.614467 0.005683 0.009181
0 0.427788 0.632009 0.006339 0.008853
0 0.413907 0.651354 0.006121 0.010165
0 0.394234 0.636927 0.006558 0.009509
0 0.346799 0.621188 0.006558 0.008853
0 0.323409 0.618729 0.005683 0.008525
0 0.335104 0.647911 0.006339 0.009181
0 0.362647 0.647911 0.006776 0.009837
0 0.352154 0.672831 0.006776 0.009837
0 0.369970 0.691193 0.006121 0.009181
0 0.381009 0.666273 0.006339 0.009181
0 0.450959 0.643813 0.006339 0.008853
0 0.457954 0.679717 0.005902 0.009181
0 0.404070 0.685455 0.006121 0.008853
0 0.414672 0.724966 0.005902 0.009837
0 0.427132 0.700046 0.005902 0.009837
0 0.449428 0.709063 0.005902 0.008853
0 0.438171 0.733983 0.006121 0.009509
0 0.460139 0.736606 0.006339 0.008853
0 0.484185 0.743163 0.005902 0.010820
0 0.496317 0.716113 0.006121 0.009837
0 0.482764 0.686111 0.006121 0.009509
0 0.507028 0.684471 0.006558 0.009509
0 0.495989 0.657912 0.005902 0.010820
0 0.532822 0.683487 0.006121 0.009509
0 0.543533 0.713981 0.006121 0.010165
0 0.531401 0.743163 0.005902 0.009509
0 0.565720 0.717096 0.006339 0.009837
0 0.553479 0.682340 0.006776 0.009837
0 0.542331 0.656436 0.006339 0.010492
0 0.563971 0.647420 0.006339 0.009509
0 0.519050 0.623484 0.006558 0.010165
0 0.579382 0.371828 0.005683 0.008525
0 0.603428 0.375434 0.006121 0.009837
0 0.592279 0.401502 0.006121 0.009509
0 0.612718 0.411502 0.006339 0.009181
0 0.601679 0.435766 0.006121 0.009181
0 0.588126 0.461506 0.005683 0.010165
0 0.611843 0.474129 0.006339 0.010492
0 0.589219 0.494131 0.006121 0.010492
0 0.613374 0.509050 0.006339 0.009509
0 0.632719 0.490852 0.006121 0.008525
0 0.626926 0.455276 0.005902 0.009509
0 0.635342 0.424454 0.006121 0.009509
0 0.655125 0.440849 0.006339 0.009509
0 0.682340 0.437078 0.006121 0.009181
0 0.700374 0.458063 0.006339 0.009837
0 0.676656 0.464293 0.006995 0.009837
0 0.648676 0.468391 0.006995 0.009509
0 0.664962 0.489212 0.006339 0.008525
0 0.651300 0.509869 0.006558 0.009837
0 0.633593 0.529707 0.006995 0.011476
0 0.662229 0.539216 0.006121 0.010165
0 0.678952 0.516099 0.006339 0.009181
0 0.693160 0.488229 0.006339 0.008525
0 0.702778 0.516263 0.005902 0.008197
0 0.722233 0.521018 0.006339 0.009181
0 0.700811 0.597908 0.005465 0.009509
0 0.678952 0.591186 0.005902 0.009181
0 0.683323 0.552331 0.006339 0.009509
0 0.664852 0.574464 0.006121 0.009181
0 0.651737 0.602335 0.006121 0.009837
0 0.629440 0.584137 0.006558 0.010165
0 0.620478 0.556922 0.005683 0.010165
0 0.599711 0.569546 0.006121 0.009837
0 0.590093 0.612827 0.006558 0.009837
0 0.606269 0.632009 0.006558 0.008853
0 0.587361 0.651846 0.006339 0.009837
0 0.579054 0.678241 0.006339 0.010165
0 0.602553 0.668732 0.006558 0.010820
0 0.636107 0.686930 0.006776 0.009837
0 0.656327 0.671028 0.006995 0.010165
0 0.646381 0.642173 0.006339 0.010165
0 0.663978 0.623647 0.006558 0.009181
0 0.691521 0.629058 0.006558 0.009509
0 0.698625 0.655289 0.006339 0.009509
0 0.675236 0.655781 0.006776 0.009837
0 0.663104 0.699554 0.006121 0.010820
0 0.643977 0.710374 0.006339 0.010820
0 0.610860 0.697915 0.006995 0.008853
0 0.588782 0.710374 0.006995 0.010820
0 0.601460 0.731687 0.006995 0.010165